[2048]
-20851
-17737
-14425
-11016
-7803
-4787
-1836
1442
4950
8294
11277
14359
17670
20981
24260
27243
30325
-31899
-28522
-25113
-22031
-18982
-15704
-12327
-9016
-5934
-3017
131
3606
7015
10195
13113
16359
19703
23047
26095
29112
32357
-29834
-26392
-23179
-20163
-16983
-13639
-10262
-7082
-4131
-1115
2262
5737
9015
11966
15113
18424
21768
24948
27931
31046
-31145
-27736
-24392
-21343
-18228
-14983
-11573
-8328
-5279
-2361
852
4327
7736
10785
13802
17113
20391
23669
26686
29767
-32522
-29145
-25736
-22589
-19540
-16360
-12983
-9672
-6524
-3574
-525
2884
15670
18654
21571
24817
27964
31046
-31407
-28162
-24883
-21966
-19015
-15966
-12688
-9541
-6557
-3705
-787
2458
5769
8884
11736
14719
17867
21047
24161
27046
29964
-32424
-29211
-25933
-22884
-19966
-16950
-13737
-10524
-7475
-4623
-1771
1376
4688
7933
10818
13703
16818
20030
23210
26128
29013
32095
-30227
-26949
-23834
-20917
-17933
-14786
-11540
-8426
-5475
-2689
327
3671
6950
9966
12818
15867
19080
22260
25309
28128
31177
-31178
-27900
-24687
-21736
-18786
-15671
-12393
-9246
-6262
-3410
-492
2786
6130
9245
12064
15047
18260
21473
24555
27407
30423
-31965
-28719
-25474
-22457
-19507
-16458
-13212
-10000
-6951
-4098
-1214
1999
5343
8523
11408
14359
17506
20719
23899
26784
29734
-32653
-29440
-24785
-20097
-17114
-13934
-10655
-7541
-4689
-1804
1344
4688
7966
10884
13769
16949
20162
23342
26292
29210
32324
-29998
-26687
-23572
-20622
-17573
-14425
-11147
-8000
-5082
-2263
852
4196
7507
10458
13343
16457
19670
22915
25866
28784
31865
-30424
-27146
-23998
-21015
-18032
-14852
-11573
-8459
-5508
-2689
360
3737
7048
10031
12916
16031
19211
22456
25473
28325
31406
-30916
-27637
-24424
-21474
-18458
-15311
-12065
-8885
-5902
-3082
-66
3245
6589
9671
12490
15572
18785
22030
25079
27931
30980
-31342
-28064
-24851
-21835
-18884
-15770
-12458
-9311
-6295
-3443
-459
2819
6163
9310
12162
15211
18391
21637
24719
27604
30620
-31735
-28457
-25211
-22195
-19245
-16130
-12885
-9672
-6590
-3771
-853
2458
5802
8950
11834
14851
18031
21276
24423
27276
30259
-32063
-28818
-25539
-22490
-19540
-16458
-13180
-9934
-6852
-4033
-1115
2130
5507
8720
11572
14588
17768
21014
24161
27046
30062
-32293
-29047
-25736
-22654
-19736
-16655
-13376
-10131
-7049
-4164
-1279
1967
5343
8556
11441
14424
17637
20850
24030
26915
29931
-32457
-29178
-25867
-22818
-19835
-16753
-13507
-10262
-7147
-4295
-1377
1835
5212
8458
11343
14326
17539
20752
23932
26850
29833
-32522
-29277
-25965
-22884
-19933
-16851
-13606
-10327
-7213
-4361
-1476
1737
5147
8359
11277
14260
17441
20686
23866
26784
29734
-32620
-29342
-26064
-22949
-19999
-16917
-13671
-10426
-7311
-4426
-1541
1671
5048
8294
11212
14195
17375
20588
23768
26686
29669
-32719
-29440
-26129
-23048
-20064
-17015
-13770
-10491
-7377
-4525
-1640
1573
4950
8195
11113
14097
17277
20522
23702
26620
30095
-31145
-27801
-24621
-21638
-18589
-15474
-12196
-8951
-5967
-3115
-99
3245
6589
9704
12556
15637
18916
22129
25210
28095
31177
-31112
-27801
-24556
-21572
-18589
-15409
-11999
-8787
-5803
-2951
65
3442
6819
9867
12752
15867
19113
22358
25407
28292
31374
-30916
-27572
-24359
-21376
-18359
-15179
-11901
-8688
-5705
-2853
196
3573
6917
9999
12851
15998
19244
22456
25505
28456
31538
-30752
-27441
-24195
-21212
-18196
-15016
-11704
-8524
-5574
-2722
360
3770
7114
10130
13015
16162
19408
22653
25669
28587
31702
-30588
-27244
-24064
-21048
-18032
-14852
-11540
-8360
-5410
-2558
557
3934
7278
10294
13179
16359
19571
22817
25833
28784
31898
-30391
-27047
-23867
-20884
-17868
-14655
-11344
-8164
-5213
-2361
786
4163
7507
10490
13408
16588
19834
23079
26063
29013
32160
-30129
-26785
-23605
-20654
-17573
-14327
-11049
-7869
-4951
-2066
1114
4491
7835
10785
13736
16916
20162
23374
26358
29341
32488
-29768
-26392
-23277
-20294
-17212
-13966
-10655
-7508
-4590
-1705
1508
4917
8228
11146
14129
17342
20588
23801
26751
29734
-32588
-29309
-25933
-22851
-19868
-16753
-13475
-10196
-7049
-4164
-1246
2032
5442
8687
11605
14621
17867
21145
24325
27243
30292
-32030
-28719
-25375
-22326
-19343
-16196
-12885
-9606
-6524
-3640
-656
2688
6065
9245
12162
15244
18490
21768
24882
27800
30882
-31407
-28064
-24785
-21769
-18753
-15540
-12229
-9016
-5967
-3082
-33
3343
6720
9835
12720
15867
19145
22424
25473
28390
31505
-30752
-27408
-24195
-21179
-18130
-14917
-11573
-8393
-5377
-2525
622
4032
7343
10425
13343
16523
19801
23047
27210
32193
-30096
-26752
-23572
-20556
-17474
-14229
-10885
-7737
-4787
-1902
1311
4753
8064
11015
14031
17211
20489
23735
26686
29702
-32653
-29342
-25998
-22884
-19868
-16753
-13442
-10164
-7016
-4131
-1181
2130
5540
8786
11703
14752
17998
21309
24489
27407
30456
-31834
-28490
-25179
-22130
-19081
-15933
-12590
-9311
-6229
-3377
-328
3048
6458
9605
12523
15637
18916
22227
25309
28259
31374
-30883
-27539
-24261
-21244
-18196
-14950
-11606
-8393
-5377
-2492
655
4097
7441
10490
13441
16621
19932
23210
26194
29210
32390
-29867
-26490
-23310
-20294
-17179
-13901
-10557
-7410
-4459
-1509
1737
5179
8491
11408
14457
17736
21014
24227
27177
30226
-32063
-28752
-25375
-22294
-19277
-16130
-12753
-9475
-6393
-3476
-459
2917
6360
9507
12425
15572
18817
22161
25276
28194
31308
-30916
-27572
-24293
-21244
-18196
-14950
-11573
-8393
-5377
-2459
688
4130
7507
10556
13506
16719
19998
23276
26292
29276
32456
-29768
-26392
-23179
-20195
-17081
-13770
-10426
-7279
-4328
-1377
1901
5310
8589
11572
14588
17867
21178
24358
27308
30390
-31899
-28555
-25211
-22130
-19114
-15933
-12590
-9311
-6229
-3344
-296
3114
6523
9671
12589
15736
19014
22325
25407
28358
31505
-30719
-27342
-24097
-21081
-17999
-14753
-11409
-8196
-5180
-2295
885
4327
7704
10720
13670
16916
20194
23473
26456
29472
32652
-29539
-26162
-23015
-19999
-16851
-13573
-10262
-7082
-4164
-1214
2098
5540
8786
11736
14818
18096
21407
24587
27538
30620
-31670
-28293
-24982
-21933
-18884
-15671
-12294
-9082
-6000
-3115
-33
3409
6786
9900
12851
15998
19309
22620
25669
28620
32259
-28785
-25408
-22359
-19343
-16097
-12786
-9508
-6426
-3541
-492
2884
6294
9474
12392
15506
18817
22096
25210
28128
31275
-30981
-27605
-24326
-21310
-18261
-15048
-11672
-8459
-5443
-2558
557
4032
7376
10425
13375
16555
19834
23112
26128
29112
32292
-29932
-26555
-23408
-20392
-17278
-13999
-10655
-7508
-4557
-1640
1639
5048
8359
11310
14326
17572
20850
24063
27013
30062
-32260
-28916
-25572
-22457
-19441
-16327
-12983
-9672
-6590
-3705
-689
2655
6097
9277
12195
15277
18555
21866
25014
27931
31046
-31244
-27867
-24556
-21540
-18491
-15278
-11901
-8688
-5672
-2787
360
3770
7146
10228
13146
16359
19637
22915
25932
28915
32095
-30129
-26752
-23572
-20556
-17442
-14163
-10819
-7639
-4689
-1771
1475
4917
8228
11212
14228
17473
20752
23997
26948
29997
-32260
-28949
-25572
-22490
-19441
-16294
-12950
-9672
-6557
-3640
-623
2753
6196
9376
12293
15441
18752
22030
25145
28095
31210
-31014
-27637
-24359
-21310
-18228
-15016
-11639
-8426
-5410
-2492
655
4097
7507
10556
13506
16719
20030
23309
26325
29308
32521
-29670
-26293
-23113
-20097
-16950
-13639
-10327
-7147
-4230
-1246
2163
5507
8786
11736
14785
18096
21506
24587
27538
30620
-31670
-28293
-24949
-21900
-18851
-15638
-12163
-9016
-5869
-2951
163
3573
6950
10097
13015
16195
19506
22817
25866
28817
31997
-30227
-26818
-23605
-20589
-17507
-14196
-10852
-7672
-4721
-1804
1442
4884
8195
11179
14228
17441
20784
23997
26948
29997
-32293
-28949
-25605
-22490
-19474
-16327
-12983
-9705
-6557
-3672
-656
2688
6097
9310
12228
15342
18621
21899
25046
27997
31111
-31145
-26457
-21441
-18425
-15245
-11835
-8623
-5607
-2689
426
3835
7245
10294
13211
16424
19703
22981
25997
29013
32160
-30063
-26687
-23507
-20490
-17376
-14098
-10786
-7606
-4623
-1705
1540
4983
8294
11244
14228
17506
20784
24030
26981
29997
-32293
-28949
-25605
-22490
-19507
-16327
-12983
-9737
-6590
-3705
-689
2655
6097
9277
12195
15310
18555
21866
25014
27964
31046
-31211
-27834
-24556
-21507
-18458
-15245
-11868
-8655
-5607
-2754
360
3802
7212
10261
13179
16391
19670
22948
25997
28980
32128
-30096
-26719
-23507
-20523
-17409
-14130
-10786
-7606
-4689
-1771
1475
4917
8228
11212
14228
17473
20752
23997
26948
29997
-32325
-28981
-25638
-22523
-19507
-16360
-13016
-9737
-6590
-3738
-755
2622
6032
9245
12162
15244
18555
21834
24948
27899
31013
-31244
-27867
-24588
-21572
-18523
-15311
-11967
-8754
-5705
-2820
295
3704
7081
10163
13080
16260
19571
22850
25866
28849
32029
-30227
-26851
-23670
-20654
-17573
-14294
-10950
-7770
-4820
-1935
1311
4753
8064
11048
14031
17277
20555
23801
26751
29800
-32522
-29211
-25834
-22753
-19704
-16589
-13278
-10000
-6852
-3967
-984
2360
5802
9015
11900
14982
18260
21539
24719
27636
30718
-31539
-28195
-24883
-21835
-18818
-15606
-12262
-9016
-5967
-3082
-33
3409
6786
9900
12818
15998
19244
22555
25604
28554
31702
-30522
-27146
-23933
-20917
-17835
-14589
-11245
-8065
-5082
-2197
1016
4458
7769
10785
13769
16982
20260
23538
26489
29505
32718
-29506
-26129
-22982
-19999
-16851
-13540
-10262
-7115
-4197
-1246
2065
5474
8753
11671
14719
17965
21276
24456
27374
30456
-31866
-28522
-25179
-21703
-17638
-14261
-10950
-7770
-4787
-1902
1311
4753
8064
11048
14031
17244
20522
23768
26718
29734
-32588
-29309
-25965
-22851
-19835
-16720
-13409
-10131
-6983
-4098
-1148
2163
5573
8818
11736
14785
18031
21309
24489
27407
30456
-31866
-28522
-25211
-22130
-19146
-15966
-12655
-9409
-6328
-3443
-427
2950
6327
9474
12392
15506
18752
22030
25145
28095
31177
-31112
-27768
-24490
-21474
-18425
-15245
-11901
-8688
-5672
-2820
295
3671
7048
10130
13047
16195
19440
22752
25768
28718
31865
-30424
-27047
-23867
-20851
-17802
-14557
-11245
-8065
-5082
-2230
950
4393
7704
10687
13638
16850
20129
23342
26325
29308
32488
-29768
-26392
-23277
-20294
-17179
-13934
-10622
-7475
-4557
-1640
1606
4983
8261
11212
14195
17441
20686
23932
26850
29866
-32457
-29145
-25834
-22720
-19769
-16655
-13344
-10098
-6951
-4066
-1115
2163
5573
8818
11703
14752
17965
21243
24423
27341
30390
-31932
-28621
-25310
-22261
-19277
-16130
-12819
-9573
-6492
-3640
-623
2688
6097
9245
12130
15211
18457
21735
24850
27767
30849
-31473
-28162
-24851
-21802
-18851
-15671
-12327
-9114
-6098
-3213
-197
3180
6556
9671
12523
15670
18916
22194
25243
28161
31243
-31014
-27703
-24457
-21441
-18425
-15212
-11901
-8721
-5705
-2853
229
3606
6982
10064
12949
16096
19342
22588
25637
28554
31669
-30588
-27244
-24064
-21048
-18032
-14819
-11475
-8328
-5311
-2459
655
4065
7376
10425
13343
16490
19735
23014
25997
28948
32062
-30194
-26851
-23670
-20687
-17638
-14393
-11114
-7934
-4984
-2131
1049
4458
7769
10720
13670
16850
20129
23342
26325
29308
32456
-29801
-26490
-21900
-17245
-14032
-10754
-7606
-4656
-1804
1409
4819
8097
11048
14031
17211
20489
23702
26620
29636
-32719
-29440
-26096
-23015
-20031
-16950
-13639
-10393
-7246
-4361
-1443
1803
5179
8458
11376
14359
17572
20850
24030
26948
29931
-32391
-29113
-25769
-22687
-19704
-16589
-13311
-10065
-6951
-4066
-1148
2163
5540
8753
11638
14654
17900
21178
24325
27243
30259
-32063
-28785
-25474
-22425
-19441
-16294
-12983
-9770
-6656
-3803
-853
2458
5835
9015
11900
14949
18195
21440
24587
27505
30554
-31801
-28457
-25179
-22130
-19146
-15999
-12688
-9475
-6426
-3541
-525
2786
6163
9343
12195
15277
18522
21768
24915
27800
30849
-31473
-28129
-24851
-21835
-18851
-15671
-12229
-9049
-6000
-3148
-132
3212
6589
9704
12589
15670
18949
22194
25276
28194
31243
-31047
-27703
-24457
-21474
-18458
-15278
-11934
-8754
-5738
-2885
163
3540
6884
9966
12851
15998
19244
22489
25505
28456
31538
-30719
-27408
-24195
-21212
-18196
-15016
-11672
-8492
-5508
-2656
458
3835
7146
10195
13080
16228
19473
22752
25768
28685
31800
-30490
-27146
-23966
-20982
-17933
-14753
-11409
-8262
-5279
-2459
688
4065
7376
10392
13310
16457
19703
22948
25932
28882
32029
-30260
-26916
-23769
-20785
-17737
-14524
-11213
-8098
-5115
-2263
852
4229
7540
10556
13474
16621
19867
23112
26095
29046
32160
-30129
-26785
-23638
-20654
-17638
-14393
-11081
-7967
-5016
-2164
983
4393
7704
10654
13605
16752
19998
23243
26194
29144
32292
-29998
-26687
-23539
-20556
-17507
-14294
-10983
-7869
-4918
-2033
1114
4524
7802
10753
13703
16883
20129
23342
26292
29243
32390
-29899
-26129
-22031
-18950
-15802
-12524
-9278
-6229
-3377
-394
2950
6327
9474
12326
15408
18654
21899
25014
27899
30980
-31342
-28031
-24752
-21769
-18753
-15606
-12262
-9082
-6033
-3181
-164
3180
6556
9671
12556
15637
18883
22161
25210
28128
31210
-31080
-27768
-24490
-21507
-18491
-15311
-11999
-8819
-5803
-2951
98
3507
6819
9933
12818
15932
19178
22424
25473
28390
31505
-30817
-27473
-24261
-21244
-18228
-15048
-11704
-8557
-5541
-2689
393
3770
7114
10163
13047
16195
19440
22686
25702
28653
31767
-30522
-27178
-23998
-21015
-17966
-14753
-11442
-8262
-5311
-2459
655
4065
7376
10425
13310
16457
19735
22981
25997
[2048]
2519
2519
2519
2519
2519
2519
2519
2519
2519
2519
2519
2519
2519
2519
2519
2519
2519
2519
2519
2519
2519
2519
2519
2519
2519
2519
2519
2519
2519
2519
2519
2519
2519
2519
2519
2519
2519
2519
2519
2519
2519
2519
2519
2519
2519
2519
2519
2519
2519
2519
2519
2519
2519
2519
2519
2519
2519
2519
2519
2519
2519
2519
2519
2519
2519
2519
2519
2519
2519
2519
2519
2519
2519
2519
2519
2519
2519
2519
2519
2519
2519
2519
2519
2519
2519
2519
2519
2519
2519
2519
2519
2519
2519
2519
2519
2519
2519
2519
2519
2519
2519
2519
2519
2519
2519
2519
2519
2519
2519
2519
2519
2519
2519
2519
2519
2519
2519
2519
2519
2519
2519
2519
2519
2519
2519
2519
2519
2519
2519
2519
2519
2519
2519
2519
2519
2519
2519
2519
2519
2519
2519
2519
2519
2519
2519
2519
2519
2519
2519
2519
2519
2519
2519
2519
2519
2519
2519
2519
2519
2519
2519
2519
2519
2519
2519
2519
2519
2519
2519
2519
2519
2519
2519
2519
2519
2519
2519
2519
2519
2519
2519
2519
2519
2519
2519
2519
2519
2519
2519
2519
2519
2519
2519
2519
2519
2519
2519
2519
2519
2519
2519
2519
2519
2519
2519
2519
2519
2519
2519
2519
2519
2519
2519
2519
2519
2519
2519
2519
2519
2519
2519
2519
2519
2519
2519
2519
2519
2519
2519
2519
2519
2519
2519
2519
2519
2519
2519
2519
2519
2519
2519
2519
2519
2519
2519
2519
2519
2519
2519
2519
2519
2519
2519
2519
2519
2519
2519
2519
2519
2519
2519
2519
2519
2519
2519
2519
2519
2519
2519
2519
2519
2519
2519
2519
2519
2519
2519
2519
2519
2519
2519
2519
2519
2519
2519
2519
2519
2519
2519
2519
2519
2519
2519
2519
2519
2519
2519
2519
2519
2519
2519
2519
2519
2519
2519
2519
2519
2519
2519
2519
2519
2519
2519
2519
2519
2519
2519
2519
2519
2519
2519
2519
2519
2519
2519
2519
2519
2519
2519
2519
2519
2519
2519
2519
2519
2519
2519
2519
2519
2519
2519
2519
2519
2519
2519
2519
2519
2519
2519
2519
2519
2519
2519
2519
2519
2519
2519
2519
2519
2519
2519
2519
2519
2519
2519
2519
2519
2519
2519
2519
2519
2519
2519
2519
2519
2519
2519
2519
2519
2519
2519
2519
2519
2519
2519
2519
2519
2519
2519
2519
2519
2519
2519
2519
2519
2519
2519
2519
2519
2519
2519
2519
2519
2519
2519
2519
2519
2519
2519
2519
2519
2519
2519
2519
2519
2519
2519
2519
2519
2519
2519
2519
2519
2519
2519
2519
2519
2519
2519
2519
2519
2519
2519
2519
2519
2519
2519
2519
2519
2519
2519
2519
2519
2519
2519
2519
2519
2519
2519
2519
2519
2519
2519
2519
2519
2519
2519
2519
2519
2519
2519
2519
2519
2519
2519
2519
2519
2519
2519
2519
2519
2519
2519
2519
2519
2519
2519
2519
2519
2519
2519
2519
2519
2519
2519
2519
2519
2519
2519
2519
2519
2519
2519
2519
2519
2519
2519
2519
2519
2519
2519
2519
2519
2519
2519
2519
2519
2519
2519
2519
2519
2519
2519
2519
2519
2519
2519
2519
2519
2519
2519
2519
2519
2519
2519
2519
2519
2519
2519
2519
2519
2519
2519
2519
2519
2519
2519
2519
2519
2519
2519
2519
2519
2519
2519
2519
2519
2519
2519
2519
2519
2519
2519
2519
2519
2519
2519
2519
2519
2519
2519
2519
2519
2519
2519
2519
2519
2519
2519
2519
2519
2519
2519
2519
2519
2519
2519
2519
2519
2519
2519
2519
2519
2519
2519
2519
2519
2519
2519
2519
2519
2519
2519
2519
2519
2519
2519
2519
2519
2519
2519
2519
2519
2519
2519
2519
2519
2519
2519
2519
2519
2519
2519
2519
2519
2519
2519
2519
2519
2519
2519
2519
2519
2519
2519
2519
2519
2519
2519
2519
2519
2519
2519
2519
2519
2519
2519
2519
2519
2519
2519
2519
2519
2519
2519
2519
2519
2519
2519
2519
2519
2519
2519
2519
2519
2519
2519
2519
2519
2519
2519
2519
2519
2519
2519
2519
2519
2519
2519
2519
2519
2519
2519
2519
2519
2519
2519
2519
2519
2519
2519
2519
2519
2519
2519
2519
2519
2519
2519
2519
2519
2519
2519
2519
2519
2519
2519
2519
2519
2519
2519
2519
2519
2519
2519
2519
2519
2519
2519
2519
2519
2519
2519
2519
2519
2519
2519
2519
2519
2519
2519
2519
2519
2519
2519
2519
2519
2519
2519
2519
2519
2519
2519
2519
2519
2519
2519
2519
2519
2519
2519
2519
2519
2519
2519
2519
2519
2519
2519
2519
2519
2519
2519
2519
2519
2519
2519
2519
2519
2519
2519
2519
2519
2519
2519
2519
2519
2519
2519
2519
2519
2519
2519
2519
2519
2519
2519
2519
2519
2519
2519
2519
2519
2519
2519
2519
2519
2519
2519
2519
2519
2519
2519
2519
2519
2519
2519
2519
2519
2519
2519
2519
2519
2519
2519
2519
2519
2519
2519
2519
2519
2519
2519
2519
2519
2519
2519
2519
2519
2519
2519
2519
2519
2519
2519
2519
2519
2519
2519
2519
2519
2519
2519
2519
2519
2519
2519
2519
2519
2519
2519
2519
2519
2519
2519
2519
2519
2519
2519
2519
2519
2519
2519
2519
2519
2519
2519
2519
2519
2519
2519
2519
2519
2519
2519
2519
2519
2519
2519
2519
2519
2519
2519
2519
2519
2519
2519
2519
2519
2519
2519
2519
2519
2519
2519
2519
2519
2519
2519
2519
2519
2519
2519
2519
2519
2519
2519
2519
2519
2519
2519
2519
2519
2519
2519
2519
2519
2519
2519
2519
2519
2519
2519
2519
2519
2519
2519
2519
2519
2519
2519
2519
2519
2519
2519
2519
2519
2519
2519
2519
2519
2519
2519
2519
2519
2519
2519
2519
2519
2519
2519
2519
2519
2519
2519
2519
2519
2519
2519
2519
2519
2519
2519
2519
2519
2519
2519
2519
2519
2519
2519
2519
2519
2519
2519
2519
2519
2519
2519
2519
2519
2519
2519
2519
2519
2519
2519
2519
2519
2519
2519
2519
2519
2519
2519
2519
2519
2519
2519
2519
2519
2519
2519
2519
2519
2519
2519
2519
2519
2519
2519
2519
2519
2519
2519
2519
2519
2519
2519
2519
2519
2519
2519
2519
2519
2519
2519
2519
2519
2519
2519
2519
2519
2519
2519
2519
2519
2519
2519
2519
2519
2519
2519
2519
2519
2519
2519
2519
2519
2519
2519
2519
2519
2519
2519
2519
2519
2519
2519
2519
2519
2519
2519
2519
2519
2519
2519
2519
2519
2519
2519
2519
2519
2519
2519
2519
2519
2519
2519
2519
2519
2519
2519
2519
2519
2519
2519
2519
2519
2519
2519
2519
2519
2519
2519
2519
2519
2519
2519
2519
2519
2519
2519
2519
2519
2519
2519
2519
2519
2519
2519
2519
2519
2519
2519
2519
2519
2519
2519
2519
2519
2519
2519
2519
2519
2519
2519
2519
2519
2519
2519
2519
2519
2519
2519
2519
2519
2519
2519
2519
2519
2519
2519
2519
2519
2519
2519
2519
2519
2519
2519
2519
2519
2519
2519
2519
2519
2519
2519
2519
2519
2519
2519
2519
2519
2519
2519
2519
2519
2519
2519
2519
2519
2519
2519
2519
2519
2519
2519
2519
2519
2519
2519
2519
2519
2519
2519
2519
2519
2519
2519
2519
2519
2519
2519
2519
2519
2519
2519
2519
2519
2519
2519
2519
2519
2519
2519
2519
2519
2519
2519
2519
2519
2519
2519
2519
2519
2519
2519
2519
2519
2519
2519
2519
2519
2519
2519
2519
2519
2519
2519
2519
2519
2519
2519
2519
2519
2519
2519
2519
2519
2519
2519
2519
2519
2519
2519
2519
2519
2519
2519
2519
2519
2519
2519
2519
2519
2519
2519
2519
2519
2519
2519
2519
2519
2519
2519
2519
2519
2519
2519
2519
2519
2519
2519
2519
2519
2519
2519
2519
2519
2519
2519
2519
2519
2519
2519
2519
2519
2519
2519
2519
2519
2519
2519
2519
2519
2519
2519
2519
2519
2519
2519
2519
2519
2519
2519
2519
2519
2519
2519
2519
2519
2519
2519
2519
2519
2519
2519
2519
2519
2519
2519
2519
2519
2519
2519
2519
2519
2519
2519
2519
2519
2519
2519
2519
2519
2519
2519
2519
2519
2519
2519
2519
2519
2519
2519
2519
2519
2519
2519
2519
2519
2519
2519
2519
2519
2519
2519
2519
2519
2519
2519
2519
2519
2519
2519
2519
2519
2519
2519
2519
2519
2519
2519
2519
2519
2519
2519
2519
2519
2519
2519
2519
2519
2519
2519
2519
2519
2519
2519
2519
2519
2519
2519
2519
2519
2519
2519
2519
2519
2519
2519
2519
2519
2519
2519
2519
2519
2519
2519
2519
2519
2519
2519
2519
2519
2519
2519
2519
2519
2519
2519
2519
2519
2519
2519
2519
2519
2519
2519
2519
2519
2519
2519
2519
2519
2519
2519
2519
2519
2519
2519
2519
2519
2519
2519
2519
2519
2519
2519
2519
2519
2519
2519
2519
2519
2519
2519
2519
2519
2519
2519
2519
2519
2519
2519
2519
2519
2519
2519
2519
2519
2519
2519
2519
2519
2519
2519
2519
2519
2519
2519
2519
2519
2519
2519
2519
2519
2519
2519
2519
2519
2519
2519
2519
2519
2519
2519
2519
2519
2519
2519
2519
2519
2519
2519
2519
2519
2519
2519
2519
2519
2519
2519
2519
2519
2519
2519
2519
2519
2519
2519
2519
2519
2519
2519
2519
2519
2519
2519
2519
2519
2519
2519
2519
2519
2519
2519
2519
2519
2519
2519
2519
2519
2519
2519
2519
2519
2519
2519
2519
2519
2519
2519
2519
2519
2519
2519
2519
2519
2519
2519
2519
2519
2519
2519
2519
2519
2519
2519
2519
2519
2519
2519
2519
2519
2519
2519
2519
2519
2519
2519
2519
2519
2519
2519
2519
2519
2519
2519
2519
2519
2519
2519
2519
2519
2519
2519
2519
2519
2519
2519
2519
2519
2519
2519
2519
2519
2519
2519
2519
2519
2519
2519
2519
2519
2519
2519
2519
2519
2519
2519
2519
2519
2519
2519
2519
2519
2519
2519
2519
2519
2519
2519
2519
2519
2519
2519
2519
2519
2519
2519
2519
2519
2519
2519
2519
2519
2519
2519
2519
2519
2519
2519
2519
2519
2519
2519
2519
2519
2519
2519
2519
2519
2519
2519
2519
2519
2519
2519
2519
2519
2519
2519
2519
2519
2519
2519
2519
2519
2519
2519
2519
2519
2519
2519
2519
2519
2519
2519
2519
2519
2519
2519
2519
2519
2519
2519
2519
2519
2519
2519
2519
2519
2519
2519
2519
2519
2519
2519
2519
2519
2519
2519
2519
2519
2519
2519
2519
2519
2519
2519
2519
2519
2519
2519
2519
2519
2519
2519
2519
2519
2519
2519
2519
2519
2519
2519
2519
2519
2519
2519
2519
2519
2519
2519
2519
2519
2519
2519
2519
2519
2519
2519
2519
2519
2519
2519
2519
2519
2519
2519
2519
2519
2519
2519
2519
2519
2519
2519
2519
2519
2519
2519
2519
2519
2519
2519
2519
2519
2519
2519
2519
2519
2519
2519
2519
2519
2519
2519
2519
2519
2519
2519
2519
2519
2519
2519
2519
2519
2519
2519
2519
2519
2519
2519
2519
2519
2519
2519
2519
2519
2519
2519
2519
2519
2519
2519
2519
2519
2519
2519
2519
2519
2519
2519
2519
2519
2519
2519
2519
2519
2519
2519
2519
2519
2519
2519
2519
2519
2519
2519
2519
2519
2519
2519
2519
2519
2519
2519
2519
2519
2519
2519
2519
2519
2519
2519
2519
2519
2519
2519
2519
2519
2519
2519
2519
2519
2519
2519
2519
2519
2519
2519
2519
2519
2519
2519
2519
2519
2519
2519
2519
2519
2519
2519
2519
2519
2519
2519
2519
2519
2519
2519
2519
2519
2519
2519
2519
2519
2519
2519
2519
2519
2519
2519
2519
2519
2519
2519
2519
2519
2519
2519
2519
2519
2519
2519
2519
2519
2519
2519
2519
2519
2519
2519
2519
2519
2519
2519
2519
2519
2519
2519
2519
2519
2519
2519
2519
2519
2519
2519
2519
2519
2519
2519
2519
2519
2519
2519
2519
2519
2519
2519
2519
2519
2519
2519
2519
2519
2519
2519
2519
2519
2519
2519
2519
2519
2519
2519
2519
2519
2519
2519
2519
2519
2519
2519
2519
2519
2519
2519
2519
2519
2519
2519
2519
2519
2519
2519
2519
2519
2519
2519
2519
2519
2519
2519
2519
2519
2519
2519
2519
2519
2519
2519
2519
2519
2519
2519
2519
2519
2519
2519
2519
2519
2519
2519
2519
2519
2519
2519
2519
2519
2519
2519
2519
2519
2519
2519
2519
2519
2519
2519
2519
2519
2519
2519
2519
2519
2519
2519
2519
2519
2519
2519
2519
2519
2519
2519
2519
2519
2519
2519
2519
2519
2519
[2048]
28480
1306
-25029
14286
-13109
25011
-2441
-29149
10553
-16404
21088
-6235
-32562
6547
-20739
17119
-10058
28983
2576
-24347
13781
-13666
25294
-804
-27683
10178
-17101
21305
-4717
-31178
6730
-21114
17870
-8490
30159
2573
-24938
14061
-12437
26421
-709
-28318
10299
-15944
23075
-4397
-31859
6417
-20075
19578
-7776
29741
2652
-23544
15329
-12158
25762
-1269
-27712
11379
-15487
22285
-4988
-31486
7823
-19425
18664
-8815
29693
3813
-22922
14730
-13115
26106
-470
-27561
10227
-16981
21792
-4671
-31352
6670
-20914
17870
-8465
30349
2559
-24947
13498
-13009
26338
-12332
11191
-13513
25535
-2272
-30590
6111
-21920
14532
-14891
22542
-5392
31564
2341
-26671
10061
-17945
19679
-9246
26598
-2182
-30116
7159
-21889
14538
-14459
22770
-5333
31800
2810
-26387
10495
-17380
19934
-9307
27241
-1909
-30222
7667
-20912
15187
-14145
23269
-4823
31980
2765
-26282
10858
-17265
19928
-8820
27457
-1277
-29349
8224
-20681
15873
-13258
23725
-4057
-32169
4297
-25276
11960
-15965
21096
-7910
28429
-41
-28102
9230
-19281
17259
-11618
25757
-2142
-30536
6037
-22973
13980
-14078
23764
-5083
30830
2345
-25536
11788
-17047
19199
-9236
28287
16
-28205
8472
-20554
16778
-11114
26164
-2848
-31689
5111
-23079
14921
-13669
22467
-6360
31196
3194
-25381
11073
-17553
19893
-8098
-20106
-27143
8768
-20166
17861
-9939
26351
-2538
-30322
7673
-20669
15899
-13339
24410
-3413
-32037
4627
-24209
13425
-14488
23043
-5423
31069
2667
-25104
12674
-16094
20725
-8030
29238
1961
-26064
10394
-18600
18811
-8914
28220
-690
-29409
7909
-19733
17868
-10653
25892
-2625
-30525
7455
-21302
15431
-13386
23865
-3692
-31446
5093
-24333
13414
-14331
22636
-6038
30546
2427
-25312
12196
-16138
20459
-8091
29622
1851
-26585
10212
-18478
18439
-9072
28863
32
-29236
8079
-19538
17831
-11090
25590
-2751
-30454
7236
-21123
15618
-13083
24534
-3081
-31313
5339
-23405
13809
-13991
24073
-4408
31678
3463
-24320
13235
-15517
20955
-7178
30371
2590
-25499
11149
-17496
19986
-7608
29799
936
-27708
9165
-18559
19746
-8844
27451
-1016
-28614
8852
-19652
17036
-11451
26371
-1393
-29447
7409
-21342
16221
-11422
26317
-2543
-31151
5841
-21987
16496
-12108
24337
-4051
-31755
5943
-22511
14256
-14139
23641
-4069
-32120
5068
-23769
13707
-13736
24009
-4738
32245
3802
-24094
14417
-13980
22501
-5875
31973
4151
-24142
12550
-15834
21979
-5736
31826
3505
-25264
12267
-15309
22423
-6098
30878
2453
-25472
13043
-15143
21238
-7169
30764
2954
-25481
11439
-16944
20636
-6771
30814
2252
-26336
11077
-16408
21537
-7194
29680
1366
-26521
11978
-16198
20138
-8257
29700
1974
-26367
10292
-18006
19727
-7900
29802
1339
-27399
10069
-17398
20524
-8213
28760
221
-27538
10934
-17178
19211
-6978
31066
3231
-25164
11675
-16779
20893
-6611
30960
2562
-26150
11232
-16210
21668
-6950
29997
1429
-26339
12206
-15959
20499
-8010
29862
2722
-25463
10816
-13044
-28566
12050
-16881
19278
-8157
29822
2016
-25778
11081
-17539
19944
-7384
30650
2124
-26903
10705
-16597
20845
-7515
29372
1400
-26123
11778
-16170
20587
-7672
30226
2821
-25232
11912
-16629
20779
-6329
31676
3126
-25909
11837
-15542
21937
-6413
30380
2598
-24860
12998
-15025
21772
-6414
31627
4203
-23972
13194
-15358
22009
-5036
-32516
4452
-24553
13383
-14004
23511
-4927
31988
4256
-23153
14871
-13227
23690
-4463
-32103
6113
-21962
15101
-13537
24149
-2993
-30412
6471
-22530
15502
-11965
25557
-2852
-31448
6351
-21089
16824
-11177
25639
-2523
-29981
8160
-19998
17120
-11473
26280
-896
-28471
8468
-20436
17482
-9926
27653
-831
-29160
8500
-18847
18991
-9164
27956
-362
-27756
10513
-17672
19523
-8869
28732
1736
-25788
10903
-17579
20277
-7146
30429
1996
-26385
11567
-15802
22118
-5972
30991
3106
-24259
13936
-14383
22949
-5230
32425
5540
-22164
14706
-13889
24383
-3076
-31203
5939
-22276
15778
-11701
26437
-1713
-30216
7434
-19673
18464
-9901
27396
-960
-28371
10299
-17482
19264
-8973
29358
1842
-26172
10944
-17101
20839
-6376
31604
3542
-24857
13026
-14153
24027
-4276
-32579
4979
-22548
16356
-11638
25210
-2880
-29999
8115
-19870
17189
-10735
27523
151
-27235
9955
-18126
19790
-7285
30752
2450
-25740
11810
-15287
23435
-4707
32053
4332
-22802
15357
-12859
24223
-3479
-30670
7629
-20066
17094
-10992
27235
209
-27488
9698
-18296
19229
-7685
30726
2343
-26262
11882
-15238
22601
-5603
31492
4045
-23243
15067
-12748
24374
-3604
-30825
7793
-20181
17137
-11100
26878
-32
-27299
9782
-18552
19553
-7690
30105
18096
12516
-15111
21875
-5993
32363
4575
-22890
15818
-12457
24963
-3079
-30635
8313
-19363
17636
-10591
27912
646
-27223
9985
-17944
20257
-6784
31302
3285
-24938
13005
-13971
24415
-3821
-31841
5762
-21586
17446
-10528
26398
-1474
-28457
9835
-18059
19090
-8519
29736
2666
-24755
12644
-15309
22848
-4062
-31353
6063
-22004
15772
-11165
27667
-455
-29021
9090
-17819
20294
-7697
29582
2245
-24812
13583
-14041
23382
-4362
-31423
7394
-20442
17140
-10888
27262
681
-26431
10763
-17452
20945
-5901
32003
3802
-24214
14295
-12762
25484
-2181
-30317
7750
-19045
19503
-8442
29239
1365
-25880
13264
-14297
22780
-5145
-31982
6497
-21278
16195
-11550
26996
-77
-27383
10288
-17542
20595
-6021
32238
4204
-23594
14264
-12782
26358
-1671
-30092
8077
-18670
19563
-8358
29028
1608
-25206
13394
-14182
23225
-4441
-31391
7529
-20151
17404
-10503
27714
1139
-25931
11386
-16751
21760
-5100
-32691
4840
-23164
15344
-11698
26773
-898
-28956
9084
-17651
20979
-7019
30571
2924
-24311
14857
-12743
24442
-3392
-30193
8398
-19460
17892
-9679
28928
1994
-25412
12176
-15682
22768
-3995
-31342
6171
-21677
16265
-10550
28313
363
-27906
10294
-16604
21597
-6231
31093
3879
-23114
15526
-12041
25487
-2331
-29150
9598
-18134
19480
-8313
29783
3345
-23875
13548
-14720
23803
-2981
-30552
6791
-20992
17496
-9491
29027
1210
-26799
11468
-15308
23059
-4720
-32700
5107
-21893
17216
-10551
26652
-1011
-27762
10687
-16887
20323
-7105
31418
4633
-22737
14825
-13057
25467
-1236
-28618
8991
-18863
19094
-7455
31206
3147
-25152
13297
-13615
24637
-3381
-31466
14196
-396
-27482
9323
-18890
20228
-6566
31276
3611
-24390
13507
-13311
25515
-2422
-30924
7313
-19531
18648
-9309
28129
714
-26157
12360
-15187
22112
-5630
-32718
6095
-21676
15879
-12215
25916
-700
-27780
9411
-18792
19622
-7394
30638
2426
-25554
12786
-14208
24092
-3603
-31819
6192
-20711
17825
-10249
27337
-649
-27774
11314
-16251
20652
-7207
31388
4271
-23575
13782
-14067
24434
-2544
-29919
7695
-20356
17775
-9079
29275
1174
-26881
10942
-16006
22896
-4984
31875
4392
-22565
15852
-12202
25216
-2314
-29321
9124
-18227
19144
-8734
29677
2994
-24619
12887
-15037
22979
-3683
-30605
6780
-21656
16788
-10203
27892
-209
-28103
10239
-16769
21585
-5928
31318
3835
-23048
15697
-12320
25456
-2559
-29631
9533
-17839
19279
-8794
29934
3111
-24550
12852
-12506
26079
-830
-30363
7302
-20516
17746
-9010
29428
3832
-26385
11583
-15239
23768
-1575
-29948
8275
-18448
19768
-8014
29403
2258
-24647
13848
-13408
24093
-3540
-30263
8561
-19182
18546
-9304
28866
2569
-24428
13334
-15213
23479
-2720
-30213
6754
-21149
17460
-9388
29236
1596
-26374
11983
-14762
23852
-4052
-31858
6090
-20958
18320
-9226
27963
435
-26222
12256
-15395
21880
-5335
-32244
6457
-20798
16796
-10937
27781
1039
-26373
11234
-16445
21518
-5071
-31811
5759
-22550
15994
-10921
27470
-574
-28505
9883
-16892
21681
-5856
31554
4154
-22715
16072
-11793
25917
-2043
-29110
9976
-17315
19784
-7933
30694
3710
-23935
13482
-14184
24360
-2545
-29839
7882
-20019
18267
-8482
29947
1784
-26021
11917
-15016
23806
-4097
-32557
5632
-21250
17131
-10915
26646
-864
-27791
27369
21939
-6963
30212
3871
-22449
14830
-13507
24902
-1906
-29016
8489
-20037
18502
-8380
29571
1508
-26509
11848
-15015
23307
-4399
-32652
5461
-21292
17244
-10848
26858
-1045
-28087
10937
-16718
20436
-7490
31098
4150
-23708
13729
-14085
24398
-2533
-29778
7832
-20180
18037
-8654
29642
1525
-26283
11465
-15496
23496
-4358
32525
5142
-21668
16592
-11375
26110
-1479
-28376
10111
-17225
20191
-7480
30858
4188
-23469
14115
-13859
24224
-2481
-29347
7928
-20380
18118
-8780
29134
1153
-26931
11396
-15426
22925
-4739
32565
5202
-21841
16896
-11196
26443
-1515
-28528
10455
-17072
20050
-7807
30751
3749
-24050
13437
-14413
24084
-2835
-30125
7606
-20535
17708
-9092
29156
1170
-26687
10960
-15946
23035
-4886
32149
4703
-22222
16135
-11844
25531
-1913
-28893
9549
-17885
19429
-8309
30102
3249
-24383
13230
-14769
23125
-3584
-30505
6860
-21610
16754
-10241
27902
-241
-28372
9894
-17029
21295
-6306
30968
3350
-23676
15065
-12921
24590
-3441
-30661
8446
-18960
18068
-10022
28644
1430
-26255
10927
-16782
21556
-5326
-32764
4928
-23161
15029
-11949
26447
-1648
-29610
7977
-19003
19961
-7822
29054
1474
-25382
12848
-15061
22129
-5406
-32423
6137
-21299
16147
-11845
26708
-153
-27614
9737
-18175
19583
-7216
31574
3485
-25150
13269
-13644
24323
-3670
-31893
6289
-20646
17812
-9739
27637
-113
-27067
11515
-16297
21193
-6666
31332
4843
-22488
14793
-13394
25119
-1929
-29580
7777
-20147
18307
-8732
29571
1792
-26385
11777
-15060
23261
-4856
32711
4886
-22348
16625
-11059
25952
-1932
-28770
9555
-18280
18935
-8697
29662
2570
-24778
17337
4051
-23018
14698
-13353
25004
-3362
-30777
8310
-19442
17737
-10420
28032
914
-26879
10408
-17516
20631
-6434
31575
3626
-24613
13431
-13535
24687
-3536
-31583
6056
-21241
17562
-10428
26506
-1407
-28293
9825
-18097
19005
-8759
29645
2353
-25179
12093
-15935
22227
-4661
-32205
5145
-23073
14761
-12349
26248
-1865
-30510
7398
-19662
18464
-9739
27555
-161
-27302
10920
-16744
20503
-7465
30778
3807
-23988
13461
-14712
23057
-3826
-31015
6150
-22539
15747
-11517
26434
-1728
-30080
7924
-19177
18909
-8916
28255
239
-26835
11672
-16403
20900
-7166
30673
3955
-23528
13329
-15148
23249
-3997
-31873
5350
-22849
15428
-11958
26292
-1780
-30381
7460
-19661
18657
-9573
27695
-496
-27715
11066
-16745
19980
-8134
30136
2843
-25123
12031
-15997
22109
-5025
-32752
4770
-23728
14092
-13064
25142
-3183
-31314
6074
-21338
17570
-10627
26159
-1911
-29047
8994
-19016
17975
-9874
28371
1013
-26608
10563
-17711
20180
-6835
30953
2465
-25677
11816
-15292
23241
-5057
31601
3852
-23393
14625
-13628
23387
-4432
-31740
6495
-21430
15845
-12477
25448
-1606
-29353
7840
-20543
17030
-9970
28444
-56
-28865
8917
-18219
19603
-8664
28397
565
-26599
11534
-16413
20695
-7416
30612
3541
-24523
12624
-15621
21951
-4903
-32293
4712
-24089
13950
-13311
24300
-3960
-32400
5561
-21810
16345
-11688
25393
-2761
-29998
8319
-19934
17406
-10943
26796
-131
-27593
9256
-19361
18688
-8686
28927
599
-27818
10089
-17112
20768
-7255
29796
1789
-25520
12747
-15616
21613
-6605
31060
4310
-23441
13440
-15129
23025
-4322
-32372
4828
-23658
14465
-12897
24953
15528
7051
-21080
15869
-12212
26308
-2478
-30182
8721
-19292
17389
-10974
27129
-283
-28199
8701
-19395
18469
-8865
29018
901
-27572
10057
-17204
20941
-7403
29787
1526
-26069
12555
-15499
21299
-6958
31065
3645
-24343
14924
-15508
22411
-4914
-32755
4654
-23794
14035
-13299
24790
-3678
-31921
5387
-19819
16452
-11721
27272
-904
-28154
9774
-18412
18430
-9540
28515
1653
-26543
10464
-17994
19886
-7331
30545
1980
-26315
10991
-16428
22135
-6166
30454
3262
-24594
13137
-14877
21871
-6159
31724
4473
-23434
13773
-14543
23406
-3840
-31500
5597
-22849
14634
-12696
25677
-2595
-31532
6076
-21180
16741
-11602
25420
-2572
-29945
8192
-19792
17283
-10972
27123
-128
-28009
9104
-19103
18238
-9050
29278
774
-27970
9643
-17566
20227
-8178
28828
1113
-26369
11670
-16244
20685
-7476
30563
3458
-24568
12525
-15808
21657
-5431
32695
4136
-24771
13185
-14107
23553
-4871
32094
4508
-22964
15033
-13066
23887
-4181
-31719
6633
-21487
15657
-12877
24862
-2293
-29853
7181
-21695
16232
-11159
26625
-1853
-30331
7475
-19909
18006
-10141
26817
-1479
-28709
9475
-18723
18437
-10099
27659
559
-27115
9756
-18871
18976
-8489
29230
604
-27817
9997
-17485
20365
-7774
29144
997
-26482
11648
-16518
20480
-7825
29732
2652
-25170
11710
-17003
20892
-6555
30952
2294
-26178
11682
-15767
22019
-6053
30682
2717
-24704
13386
-15056
22031
-6329
31273
4155
-23621
13068
-15597
22371
-5176
32262
3691
-24867
13120
-14385
23316
-4855
32040
4003
-23465
14680
-13789
23283
-5134
32500
5587
-22396
14386
-14404
23680
-3832
-32054
4970
-23531
14364
-13063
29484
13248
-13173
23849
-3492
-30527
6311
-22415
15401
-12132
26090
-2167
-31145
6435
-20909
16921
-11522
25425
-2512
-29946
8135
-19731
17305
-11147
26803
-484
-28346
8776
-19718
17778
-9459
28934
414
-28375
9268
-18055
19633
-8658
28224
374
-26879
11171
-16779
20211
-8056
29987
2733
-25284
11784
-16458
21004
-6087
32032
3532
-25329
12610
-14835
22777
-5610
31348
3743
-23673
14377
-13641
23265
-4844
-32390
6049
-22203
14957
-13439
24286
-2888
-30421
6642
-22237
15768
-11608
25994
-2592
-30994
6855
-20568
17515
-10607
26419
-1786
-29053
9289
-19012
18199
-10143
27593
546
-27022
9869
-18752
19163
-8291
29406
912
[2048]
1564
1659
1760
1863
1962
55
145
245
351
453
545
638
739
841
940
1031
1126
1226
1330
1433
1528
1621
1720
1824
1925
19
108
204
310
415
511
601
699
801
903
996
1089
1187
1290
1394
1492
1585
1681
1783
1886
1984
74
166
269
375
475
566
661
763
864
961
1052
1148
1249
1353
1455
1549
1643
1743
1846
1946
40
129
227
333
437
529
621
722
823
923
1015
1108
1207
1310
1414
1510
1603
1701
1803
1905
1
91
184
288
678
769
859
957
1053
1148
1241
1341
1441
1530
1620
1713
1812
1908
1
87
176
275
376
472
558
649
746
843
938
1025
1115
1210
1309
1409
1501
1590
1682
1780
1878
1972
60
146
242
344
442
531
619
714
811
908
997
1086
1179
1277
1377
1472
1561
1652
1749
1847
1943
33
118
211
312
413
505
591
685
782
880
972
1059
1152
1248
1348
1446
1536
1626
1722
1821
1917
10
96
185
286
387
482
568
660
757
855
949
1037
1128
1225
1323
1423
1515
1604
1698
1796
1894
1988
75
163
261
363
461
548
638
735
832
929
1017
1108
1203
1302
1444
1586
1677
1775
1875
1970
58
145
241
344
443
532
621
717
815
913
1002
1091
1186
1285
1385
1481
1571
1663
1760
1859
1955
45
131
226
329
429
520
607
703
801
899
989
1078
1172
1271
1372
1468
1558
1649
1746
1846
1942
32
119
212
314
415
507
595
689
787
885
977
1065
1158
1257
1357
1454
1545
1636
1732
1832
1929
21
106
198
300
401
495
582
676
774
872
965
1053
1145
1243
1343
1442
1533
1624
1719
1819
1916
9
96
186
287
389
485
571
664
762
860
954
1042
1134
1231
1331
1431
1522
1612
1707
1807
1904
1998
85
175
275
377
474
561
653
751
849
945
1032
1124
1221
1321
1421
1513
1603
1698
1798
1896
1990
78
166
266
369
466
554
645
743
841
938
1026
1117
1214
1314
1415
1508
1598
1692
1792
1890
1985
73
161
260
363
461
550
641
738
837
934
1022
1113
1210
1309
1410
1504
1594
1688
1788
1887
1981
70
158
257
360
459
547
638
736
834
931
1020
1110
1207
1307
1408
1501
1592
1685
1785
1884
1979
67
156
254
357
456
544
635
733
831
929
1017
1108
1204
1304
1405
1499
1590
1683
1782
1882
1977
65
153
251
355
454
542
633
731
828
926
1018
1105
1202
1305
1406
1499
1590
1684
1783
1882
1977
66
153
252
355
454
543
633
730
829
927
1016
1119
1249
1354
1451
1542
1635
1731
1831
1929
21
108
201
303
405
499
587
681
780
879
972
1061
1155
1253
1355
1454
1544
1636
1733
1834
1931
23
110
203
306
408
502
589
684
783
882
975
1064
1158
1257
1358
1456
1547
1640
1736
1837
1934
27
113
207
310
412
505
593
688
787
886
979
1068
1162
1261
1363
1461
1552
1644
1741
1842
1939
31
117
212
315
417
510
598
694
792
891
984
1073
1168
1267
1368
1466
1557
1649
1747
1847
1944
36
123
218
321
422
514
603
699
798
897
988
1078
1173
1273
1374
1471
1562
1654
1752
1854
1950
42
128
224
328
429
520
609
706
805
904
996
1086
1181
1281
1382
1479
1570
1663
1762
1863
1959
50
137
234
338
439
529
619
717
816
914
1005
1096
1192
1292
1394
1490
1580
1674
1774
1874
1970
60
148
247
351
451
540
631
729
829
927
1016
1108
1206
1306
1408
1503
1593
1689
1789
1889
1984
73
163
262
366
465
554
646
746
845
942
1032
1124
1222
1324
1425
1518
1610
1706
1807
1906
1
89
180
282
386
483
571
665
764
864
960
1049
1142
1242
1344
1444
1536
1628
1725
1827
1925
18
106
199
303
406
500
588
684
784
884
977
1066
1161
1261
1363
1462
1554
1646
1745
1847
1943
36
124
219
323
425
518
607
704
804
903
1034
1182
1282
1383
1480
1573
1666
1766
1868
1963
55
143
241
345
446
536
628
726
826
924
1014
1106
1204
1305
1407
1502
1593
1688
1789
1890
1985
75
165
265
370
468
557
650
749
850
947
1037
1130
1228
1330
1432
1525
1617
1714
1816
1915
10
98
190
293
398
493
582
678
778
878
972
1062
1157
1257
1360
1459
1551
1644
1743
1846
1944
36
124
220
325
428
520
611
708
809
908
1000
1091
1188
1289
1392
1488
1580
1675
1776
1878
1974
65
154
254
359
459
549
642
741
841
940
1029
1122
1221
1323
1425
1520
1612
1708
1810
1910
6
94
186
290
394
490
579
675
775
876
971
1061
1156
1256
1359
1459
1551
1645
1743
1846
1944
37
125
222
326
429
522
612
711
811
910
1002
1094
1191
1292
1395
1492
1584
1679
1780
1881
1977
68
158
258
363
463
553
646
746
846
943
1034
1127
1227
1328
1430
1524
1616
1714
1816
1915
10
99
192
295
399
495
585
680
781
882
976
1066
1161
1262
1365
1464
1557
1650
1749
1852
1950
42
131
227
332
435
527
618
716
817
916
1007
1099
1197
1298
1402
1497
1590
1685
1786
1887
1984
73
164
265
370
469
559
652
753
853
950
1040
1134
1233
1336
1438
1531
1623
1722
1824
1923
17
106
200
304
408
503
592
688
789
890
983
1074
1187
1321
1425
1518
1610
1708
1809
1909
5
93
185
289
393
489
578
674
774
874
969
1059
1154
1255
1357
1457
1549
1643
1741
1843
1941
34
122
218
323
425
518
608
706
806
906
998
1089
1185
1287
1389
1486
1578
1672
1772
1875
1970
61
150
250
355
455
545
637
737
836
935
1024
1117
1216
1317
1420
1514
1606
1702
1804
1904
1999
88
180
282
386
484
572
666
767
868
963
1053
1147
1247
1349
1450
1543
1635
1733
1836
1934
28
116
211
315
418
512
602
699
799
900
992
1083
1180
1280
1383
1481
1573
1667
1767
1869
1966
57
146
246
350
452
542
634
734
834
933
1023
1116
1218
1320
1419
1514
1606
1703
1805
1905
4
90
182
285
389
487
576
675
772
872
967
1058
1156
1253
1360
1460
1552
1646
1745
1848
1946
39
127
224
329
432
525
615
715
815
915
1006
1098
1196
1298
1401
1497
1590
1685
1787
1888
1984
75
165
267
372
471
561
655
755
856
953
1043
1138
1237
1341
1442
1535
1628
1726
1829
1927
22
110
205
309
413
508
598
695
796
896
989
1080
1177
1278
1381
1479
1571
1666
1766
1868
1965
57
146
245
350
451
542
634
733
834
933
1023
1116
1214
1316
1418
1513
1605
1702
1804
1904
1999
88
180
283
387
484
573
668
769
869
965
1054
1149
1249
1396
1546
1637
1735
1838
1937
30
118
214
318
421
514
604
701
802
902
994
1085
1182
1282
1386
1483
1574
1669
1769
1871
1968
59
148
248
352
453
543
635
734
835
933
1023
1116
1215
1316
1418
1513
1605
1701
1803
1903
1998
88
179
282
386
484
572
667
767
868
963
1053
1148
1248
1350
1451
1544
1637
1735
1837
1936
29
117
212
316
420
513
603
700
801
901
993
1084
1181
1281
1385
1482
1574
1669
1768
1870
1967
58
147
246
351
452
542
634
733
834
932
1023
1115
1214
1315
1418
1512
1604
1701
1802
1902
1998
86
178
280
385
482
571
665
766
867
962
1052
1146
1246
1349
1449
1542
1634
1732
1835
1933
27
115
209
314
417
511
600
697
797
897
990
1080
1177
1277
1381
1478
1570
1664
1764
1865
1962
54
142
241
346
447
537
629
728
827
926
1016
1109
1207
1309
1411
1506
1598
1694
1794
1895
1990
80
170
272
377
475
564
658
758
858
954
1043
1137
1237
1339
1440
1534
1626
1724
1826
1924
18
107
200
304
408
503
591
688
788
888
982
1072
1168
1268
1371
1470
1562
1655
1755
1856
1953
46
134
231
336
438
529
620
719
819
918
1009
1101
1198
1299
1402
1498
1590
1685
1786
1887
1983
72
162
263
368
467
557
649
749
849
946
1036
1129
1228
1330
1431
1537
1665
1764
1866
1963
55
142
241
345
446
537
628
727
826
925
1015
1107
1205
1306
1408
1503
1594
1690
1790
1891
1987
76
166
267
370
469
558
651
750
850
947
1036
1129
1228
1329
1431
1524
1616
1712
1814
1913
8
96
188
290
393
490
578
673
773
873
968
1057
1151
1251
1353
1452
1545
1637
1734
1836
1935
28
115
209
313
416
509
598
694
794
894
987
1076
1172
1272
1374
1472
1563
1656
1756
1857
1954
45
133
230
334
435
526
616
714
814
913
1004
1095
1191
1291
1394
1490
1580
1675
1774
1875
1971
61
150
249
353
453
542
634
732
832
930
1020
1111
1209
1310
1412
1506
1597
1692
1793
1892
1988
76
166
267
371
469
557
650
749
849
945
1034
1127
1226
1326
1428
1520
1612
1708
1809
1908
2
90
181
283
386
483
571
665
764
863
959
1048
1141
1240
1341
1441
1534
1625
1722
1823
1921
15
102
195
297
400
495
583
678
777
877
971
1060
1154
1254
1355
1454
1545
1638
1735
1837
1934
27
114
207
311
413
507
595
691
790
890
982
1072
1167
1267
1368
1466
1557
1650
1748
1849
1946
38
125
220
324
426
518
607
704
802
902
994
1083
1179
1278
1380
1477
1568
1661
1760
1861
1957
48
136
232
336
438
528
618
715
814
913
1003
1094
1190
1290
1392
1532
1674
1771
1871
1968
59
146
244
348
447
538
628
726
825
923
1013
1104
1201
1302
1403
1498
1589
1683
1783
1883
1979
67
156
255
359
458
547
638
736
836
933
1023
1114
1212
1312
1413
1507
1598
1693
1794
1893
1988
76
166
270
369
468
556
648
746
846
946
1031
1124
1221
1325
1426
1519
1610
1706
1807
1905
0
87
178
279
382
479
567
660
759
858
954
1042
1135
1233
1335
1435
1528
1619
1715
1816
1914
8
95
187
289
392
488
576
670
768
868
963
1051
1145
1243
1345
1444
1536
1628
1724
1826
1924
17
104
196
299
402
497
584
679
778
878
971
1060
1154
1253
1354
1453
1544
1636
1734
1836
1933
25
112
206
308
410
504
592
688
787
886
979
1068
1163
1262
1363
1461
1553
1645
1742
1844
1940
33
120
214
317
419
512
600
696
795
894
986
1076
1171
1270
1371
1469
1560
1652
1750
1851
1948
39
126
222
325
426
518
606
703
802
901
992
1082
1177
1276
1378
1474
1565
1658
1756
1857
1953
44
131
227
330
431
522
611
708
806
905
996
1086
1181
1281
1382
1479
1569
1662
1760
1861
1957
48
135
231
334
435
526
615
712
810
909
999
1089
1185
1284
1386
1482
1573
1665
1764
1864
1960
51
138
235
338
438
528
618
715
814
912
1002
1093
1188
1288
1403
1527
1622
1717
1818
1917
10
97
189
290
394
489
577
670
769
868
963
1052
1145
1244
1345
1445
1536
1628
1724
1825
1923
16
103
195
298
401
495
583
678
777
876
970
1058
1152
1251
1353
1452
1543
1635
1732
1834
1930
24
110
204
307
409
503
591
686
785
885
977
1066
1161
1260
1361
1460
1551
1643
1741
1842
1938
31
118
212
315
417
510
598
694
794
893
985
1074
1169
1268
1370
1467
1559
1651
1749
1851
1947
38
126
221
324
426
518
607
703
802
901
993